0.10	1[	 	0	.	0	0	8	1	0	0	2	 	 	 	0	.	 	 	 	 	 	 	 	 	 	-	0	.	 	 	 	 	 	 	 	 	 	-	0	.	0	0	0	5	1	6	7	7	 	-	0	.	 	 	 	 	 	 	 	 	 	 	0	.	
	 	-	0	.	0	0	7	1	0	2	5	 	 	-	0	.	 	 	 	 	 	 	 	 	 	 	0	.	 	 	 	 	 	 	 	 	]
0.20	1[	 	0	.	0	0	8	0	3	9	7	2	 	-	0	.	 	 	 	 	 	 	 	 	 	 	0	.	 	 	 	 	 	 	 	 	 	-	0	.	0	0	0	4	7	3	7	8	 	 	0	.	 	 	 	 	 	 	 	 	 	 	0	.	
	 	-	0	.	0	0	7	0	8	0	6	7	 	-	0	.	 	 	 	 	 	 	 	 	 	-	0	.	 	 	 	 	 	 	 	 	]
0.30	1[	 	0	.	0	0	7	9	7	8	1	5	 	 	0	.	 	 	 	 	 	 	 	 	 	-	0	.	 	 	 	 	 	 	 	 	 	-	0	.	0	0	0	4	3	0	9	8	 	-	0	.	 	 	 	 	 	 	 	 	 	-	0	.	
	 	-	0	.	0	0	7	0	5	7	6	 	 	-	0	.	 	 	 	 	 	 	 	 	 	 	0	.	 	 	 	 	 	 	 	 	]
0.40	1[	 	0	.	0	0	7	9	1	5	4	8	 	 	0	.	 	 	 	 	 	 	 	 	 	-	0	.	 	 	 	 	 	 	 	 	 	-	0	.	0	0	0	3	8	8	3	5	 	-	0	.	 	 	 	 	 	 	 	 	 	 	0	.	
	 	-	0	.	0	0	7	0	3	3	3	 	 	-	0	.	 	 	 	 	 	 	 	 	 	 	0	.	 	 	 	 	 	 	 	 	]
0.50	1[	 	0	.	0	0	7	8	5	1	7	2	 	-	0	.	 	 	 	 	 	 	 	 	 	 	0	.	 	 	 	 	 	 	 	 	 	-	0	.	0	0	0	3	4	5	9	1	 	 	0	.	 	 	 	 	 	 	 	 	 	 	0	.	
	 	-	0	.	0	0	7	0	0	7	7	4	 	 	0	.	 	 	 	 	 	 	 	 	 	-	0	.	 	 	 	 	 	 	 	 	]
0.60	1[	 	0	.	0	0	7	7	8	6	8	5	 	-	0	.	 	 	 	 	 	 	 	 	 	 	0	.	 	 	 	 	 	 	 	 	 	-	0	.	0	0	0	3	0	3	6	6	 	-	0	.	 	 	 	 	 	 	 	 	 	-	0	.	
	 	-	0	.	0	0	6	9	8	0	9	2	 	 	0	.	 	 	 	 	 	 	 	 	 	 	0	.	 	 	 	 	 	 	 	 	]
0.70	1[	 	0	.	0	0	7	7	2	0	8	8	 	-	0	.	 	 	 	 	 	 	 	 	 	 	0	.	 	 	 	 	 	 	 	 	 	-	0	.	0	0	0	2	6	1	5	9	 	 	0	.	 	 	 	 	 	 	 	 	 	 	0	.	
	 	-	0	.	0	0	6	9	5	2	8	4	 	 	0	.	 	 	 	 	 	 	 	 	 	-	0	.	 	 	 	 	 	 	 	 	]
0.80	1[	 	0	.	0	0	7	6	5	3	7	9	 	 	0	.	 	 	 	 	 	 	 	 	 	-	0	.	 	 	 	 	 	 	 	 	 	-	0	.	0	0	0	2	1	9	7	3	 	-	0	.	 	 	 	 	 	 	 	 	 	 	0	.	
	 	-	0	.	0	0	6	9	2	3	4	8	 	-	0	.	 	 	 	 	 	 	 	 	 	 	0	.	 	 	 	 	 	 	 	 	]
0.90	1[	 	0	.	0	0	7	5	8	5	5	8	 	-	0	.	 	 	 	 	 	 	 	 	 	 	0	.	 	 	 	 	 	 	 	 	 	-	0	.	0	0	0	1	7	8	0	5	 	 	0	.	 	 	 	 	 	 	 	 	 	 	0	.	
	 	-	0	.	0	0	6	8	9	2	8	4	 	 	0	.	 	 	 	 	 	 	 	 	 	-	0	.	 	 	 	 	 	 	 	 	]
1.00	1[	 	0	.	0	0	7	5	1	6	2	4	 	 	0	.	 	 	 	 	 	 	 	 	 	 	0	.	 	 	 	 	 	 	 	 	 	-	0	.	0	0	0	1	3	6	5	9	 	-	0	.	 	 	 	 	 	 	 	 	 	-	0	.	
	 	-	0	.	0	0	6	8	6	0	9	1	 	-	0	.	 	 	 	 	 	 	 	 	 	 	0	.	 	 	 	 	 	 	 	 	]
1.10	1[	 	7	.	4	4	5	7	7	9	4	9	e	-	0	3	 	 	0	.	0	0	0	0	0	0	0	0	e	+	0	0	 	-	0	.	0	0	0	0	0	0	0	0	e	+	0	0	 	-	9	.	5	3	2	2	5	8	6	9	e	-	0	5	
	 	-	0	.	0	0	0	0	0	0	0	0	e	+	0	0	 	 	0	.	0	0	0	0	0	0	0	0	e	+	0	0	 	-	6	.	8	2	7	6	7	9	7	8	e	-	0	3	 	-	0	.	0	0	0	0	0	0	0	0	e	+	0	0	
	 	 	0	.	0	0	0	0	0	0	0	0	e	+	0	0	]
0.10	3[	 	0	.	0	0	8	1	0	5	2	8	 	-	0	.	 	 	 	 	 	 	 	 	 	 	0	.	 	 	 	 	 	 	 	 	 	-	0	.	0	0	0	5	1	9	1	3	 	 	0	.	 	 	 	 	 	 	 	 	 	 	0	.	
	 	-	0	.	0	0	7	1	0	5	1	2	 	 	0	.	 	 	 	 	 	 	 	 	 	-	0	.	 	 	 	 	 	 	 	 	]
0.20	3[	 	0	.	0	0	8	0	4	9	8	3	 	 	0	.	 	 	 	 	 	 	 	 	 	-	0	.	 	 	 	 	 	 	 	 	 	-	0	.	0	0	0	4	7	8	4	6	 	-	0	.	 	 	 	 	 	 	 	 	 	 	0	.	
	 	-	0	.	0	0	7	0	8	5	9	2	 	-	0	.	 	 	 	 	 	 	 	 	 	 	0	.	 	 	 	 	 	 	 	 	]
0.30	3[	 	0	.	0	0	7	9	9	3	2	7	 	-	0	.	 	 	 	 	 	 	 	 	 	 	0	.	 	 	 	 	 	 	 	 	 	-	0	.	0	0	0	4	3	7	9	2	 	 	0	.	 	 	 	 	 	 	 	 	 	 	0	.	
	 	-	0	.	0	0	7	0	6	5	5	 	 	 	0	.	 	 	 	 	 	 	 	 	 	-	0	.	 	 	 	 	 	 	 	 	]
0.40	3[	 	0	.	0	0	7	9	3	5	5	9	 	-	0	.	 	 	 	 	 	 	 	 	 	 	0	.	 	 	 	 	 	 	 	 	 	-	0	.	0	0	0	3	9	7	5	2	 	 	0	.	 	 	 	 	 	 	 	 	 	 	0	.	
	 	-	0	.	0	0	7	0	4	3	8	4	 	 	0	.	 	 	 	 	 	 	 	 	 	-	0	.	 	 	 	 	 	 	 	 	]
0.50	3[	 	0	.	0	0	7	8	7	6	7	7	 	 	0	.	 	 	 	 	 	 	 	 	 	 	0	.	 	 	 	 	 	 	 	 	 	-	0	.	0	0	0	3	5	7	2	5	 	 	0	.	 	 	 	 	 	 	 	 	 	 	0	.	
	 	-	0	.	0	0	7	0	2	0	9	5	 	-	0	.	 	 	 	 	 	 	 	 	 	-	0	.	 	 	 	 	 	 	 	 	]
0.60	3[	 	0	.	0	0	7	8	1	6	8	2	 	-	0	.	 	 	 	 	 	 	 	 	 	 	0	.	 	 	 	 	 	 	 	 	 	-	0	.	0	0	0	3	1	7	1	3	 	 	0	.	 	 	 	 	 	 	 	 	 	 	0	.	
	 	-	0	.	0	0	6	9	9	6	8	1	 	 	0	.	 	 	 	 	 	 	 	 	 	-	0	.	 	 	 	 	 	 	 	 	]
0.70	3[	 	0	.	0	0	7	7	5	5	7	2	 	 	0	.	 	 	 	 	 	 	 	 	 	-	0	.	 	 	 	 	 	 	 	 	 	-	0	.	0	0	0	2	7	7	1	6	 	-	0	.	 	 	 	 	 	 	 	 	 	-	0	.	
	 	-	0	.	0	0	6	9	7	1	4	2	 	-	0	.	 	 	 	 	 	 	 	 	 	 	0	.	 	 	 	 	 	 	 	 	]
0.80	3[	 	0	.	0	0	7	6	9	3	4	8	 	-	0	.	 	 	 	 	 	 	 	 	 	 	0	.	 	 	 	 	 	 	 	 	 	-	0	.	0	0	0	2	3	7	3	4	 	 	0	.	 	 	 	 	 	 	 	 	 	 	0	.	
	 	-	0	.	0	0	6	9	4	4	7	5	 	 	0	.	 	 	 	 	 	 	 	 	 	-	0	.	 	 	 	 	 	 	 	 	]
0.90	3[	 	0	.	0	0	7	6	3	0	0	8	 	 	0	.	 	 	 	 	 	 	 	 	 	-	0	.	 	 	 	 	 	 	 	 	 	-	0	.	0	0	0	1	9	7	6	7	 	-	0	.	 	 	 	 	 	 	 	 	 	-	0	.	
	 	-	0	.	0	0	6	9	1	6	8	2	 	-	0	.	 	 	 	 	 	 	 	 	 	 	0	.	 	 	 	 	 	 	 	 	]
1.00	3[	 	0	.	0	0	7	5	6	5	5	2	 	 	0	.	 	 	 	 	 	 	 	 	 	-	0	.	 	 	 	 	 	 	 	 	 	-	0	.	0	0	0	1	5	8	1	6	 	-	0	.	 	 	 	 	 	 	 	 	 	 	0	.	
	 	-	0	.	0	0	6	8	8	7	6	 	 	-	0	.	 	 	 	 	 	 	 	 	 	 	0	.	 	 	 	 	 	 	 	 	]
1.10	3[	 	0	.	0	0	7	4	9	9	8	 	 	 	0	.	 	 	 	 	 	 	 	 	 	-	0	.	 	 	 	 	 	 	 	 	 	-	0	.	0	0	0	1	1	8	8	1	 	-	0	.	 	 	 	 	 	 	 	 	 	-	0	.	
	 	-	0	.	0	0	6	8	5	7	0	9	 	-	0	.	 	 	 	 	 	 	 	 	 	 	0	.	 	 	 	 	 	 	 	 	]
0.10	5[	 	0	.	0	0	8	1	1	0	4	2	 	 	0	.	 	 	 	 	 	 	 	 	 	 	0	.	 	 	 	 	 	 	 	 	 	-	0	.	0	0	0	5	2	1	5	4	 	 	0	.	 	 	 	 	 	 	 	 	 	 	0	.	
	 	-	0	.	0	0	7	1	0	7	7	6	 	-	0	.	 	 	 	 	 	 	 	 	 	-	0	.	 	 	 	 	 	 	 	 	]
0.20	5[	 	0	.	0	0	8	0	6	0	0	9	 	-	0	.	 	 	 	 	 	 	 	 	 	 	0	.	 	 	 	 	 	 	 	 	 	-	0	.	0	0	0	4	8	3	2	3	 	 	0	.	 	 	 	 	 	 	 	 	 	-	0	.	
	 	-	0	.	0	0	7	0	9	1	2	1	 	 	0	.	 	 	 	 	 	 	 	 	 	-	0	.	 	 	 	 	 	 	 	 	]
0.30	5[	 	0	.	0	0	8	0	0	8	6	2	 	 	0	.	 	 	 	 	 	 	 	 	 	-	0	.	 	 	 	 	 	 	 	 	 	-	0	.	0	0	0	4	4	5	0	2	 	-	0	.	 	 	 	 	 	 	 	 	 	-	0	.	
	 	-	0	.	0	0	7	0	7	3	4	6	 	 	0	.	 	 	 	 	 	 	 	 	 	 	0	.	 	 	 	 	 	 	 	 	]
0.40	5[	 	0	.	0	0	7	9	5	5	9	9	 	-	0	.	 	 	 	 	 	 	 	 	 	-	0	.	 	 	 	 	 	 	 	 	 	-	0	.	0	0	0	4	0	6	8	9	 	 	0	.	 	 	 	 	 	 	 	 	 	 	0	.	
	 	-	0	.	0	0	7	0	5	4	5	 	 	-	0	.	 	 	 	 	 	 	 	 	 	 	0	.	 	 	 	 	 	 	 	 	]
0.50	5[	 	0	.	0	0	7	9	0	2	2	1	 	 	0	.	 	 	 	 	 	 	 	 	 	-	0	.	 	 	 	 	 	 	 	 	 	-	0	.	0	0	0	3	6	8	8	7	 	-	0	.	 	 	 	 	 	 	 	 	 	-	0	.	
	 	-	0	.	0	0	7	0	3	4	3	1	 	-	0	.	 	 	 	 	 	 	 	 	 	 	0	.	 	 	 	 	 	 	 	 	]
0.60	5[	 	0	.	0	0	7	8	4	7	2	6	 	-	0	.	 	 	 	 	 	 	 	 	 	 	0	.	 	 	 	 	 	 	 	 	 	-	0	.	0	0	0	3	3	0	9	4	 	 	0	.	 	 	 	 	 	 	 	 	 	 	0	.	
	 	-	0	.	0	0	7	0	1	2	8	9	 	 	0	.	 	 	 	 	 	 	 	 	 	-	0	.	 	 	 	 	 	 	 	 	]
0.70	5[	 	0	.	0	0	7	7	9	1	1	4	 	 	0	.	 	 	 	 	 	 	 	 	 	-	0	.	 	 	 	 	 	 	 	 	 	-	0	.	0	0	0	2	9	3	1	1	 	-	0	.	 	 	 	 	 	 	 	 	 	-	0	.	
	 	-	0	.	0	0	6	9	9	0	2	2	 	-	0	.	 	 	 	 	 	 	 	 	 	 	0	.	 	 	 	 	 	 	 	 	]
0.80	5[	 	0	.	0	0	7	7	3	3	8	4	 	 	0	.	 	 	 	 	 	 	 	 	 	-	0	.	 	 	 	 	 	 	 	 	 	-	0	.	0	0	0	2	5	5	3	9	 	-	0	.	 	 	 	 	 	 	 	 	 	-	0	.	
	 	-	0	.	0	0	6	9	6	6	3	 	 	-	0	.	 	 	 	 	 	 	 	 	 	 	0	.	 	 	 	 	 	 	 	 	]
0.90	5[	 	0	.	0	0	7	6	7	5	3	6	 	-	0	.	 	 	 	 	 	 	 	 	 	 	0	.	 	 	 	 	 	 	 	 	 	-	0	.	0	0	0	2	1	7	7	8	 	 	0	.	 	 	 	 	 	 	 	 	 	 	0	.	
	 	-	0	.	0	0	6	9	4	1	1	2	 	 	0	.	 	 	 	 	 	 	 	 	 	-	0	.	 	 	 	 	 	 	 	 	]
1.00	5[	 	0	.	0	0	7	6	1	5	6	8	 	 	0	.	 	 	 	 	 	 	 	 	 	-	0	.	 	 	 	 	 	 	 	 	 	-	0	.	0	0	0	1	8	0	2	9	 	 	0	.	 	 	 	 	 	 	 	 	 	 	0	.	
	 	-	0	.	0	0	6	9	1	4	6	7	 	-	0	.	 	 	 	 	 	 	 	 	 	-	0	.	 	 	 	 	 	 	 	 	]
1.10	5[	 	0	.	0	0	7	5	5	4	8	1	 	 	0	.	 	 	 	 	 	 	 	 	 	-	0	.	 	 	 	 	 	 	 	 	 	-	0	.	0	0	0	1	4	2	9	1	 	-	0	.	 	 	 	 	 	 	 	 	 	 	0	.	
	 	-	0	.	0	0	6	8	8	6	9	3	 	-	0	.	 	 	 	 	 	 	 	 	 	 	0	.	 	 	 	 	 	 	 	 	]
